  4.0000000e-001  6.6118776e-002 -3.1650882e-001 -9.3879292e-001 -4.7751564e-002  4.0287869e-001 -9.1838368e-001
  3.0000000e-001  6.1702412e-002 -3.0771023e-001 -9.3863527e-001 -4.8380745e-002  4.2256758e-001 -9.0828055e-001
  2.0000000e-001  5.7630870e-002 -2.9126715e-001 -9.3899033e-001 -4.8830741e-002  4.3942022e-001 -8.9841327e-001
  1.0000000e-001  5.4333265e-002 -2.6982657e-001 -9.3944599e-001 -4.9646068e-002  4.5358522e-001 -8.8785294e-001
  0.0000000e+000  5.2056699e-002 -2.4498959e-001 -9.4009878e-001 -5.1244301e-002  4.6437887e-001 -8.7626756e-001
  0.0000000e+000  5.0715631e-002 -2.1827112e-001 -9.4107335e-001 -5.4102709e-002  4.7038181e-001 -8.6378231e-001
  0.0000000e+000  5.0176468e-002 -1.9081952e-001 -9.4252660e-001 -5.8189207e-002  4.7041912e-001 -8.5096244e-001
  0.0000000e+000  5.0356012e-002 -1.6336799e-001 -9.4451262e-001 -6.4031646e-002  4.6455701e-001 -8.3816541e-001
  0.0000000e+000  5.1127071e-002 -1.3645268e-001 -9.4705628e-001 -7.1367810e-002  4.5335857e-001 -8.2562546e-001
  0.0000000e+000  5.2321554e-002 -1.1032495e-001 -9.5029409e-001 -7.7898041e-002  4.3715127e-001 -8.1441538e-001
  0.0000000e+000  5.3747739e-002 -8.4971802e-002 -9.5432348e-001 -8.3620819e-002  4.1679660e-001 -8.0554528e-001
  0.0000000e+000  5.5141177e-002 -6.0260455e-002 -9.5914308e-001 -8.9494071e-002  3.9321699e-001 -7.9970173e-001
  0.0000000e+000  5.6209510e-002 -3.5962047e-002 -9.6466978e-001 -9.4660097e-002  3.6679005e-001 -7.9793556e-001
  0.0000000e+000  5.6781924e-002 -1.1998552e-002 -9.7057599e-001 -9.9250431e-002  3.3796510e-001 -8.0067268e-001
  0.0000000e+000  5.6859319e-002  1.1523642e-002 -9.7629509e-001 -1.0413669e-001  3.0709098e-001 -8.0722079e-001
  0.0000000e+000  5.6430997e-002  3.4536125e-002 -9.8119304e-001 -1.0968973e-001  2.7414501e-001 -8.1652890e-001
  0.0000000e+000  5.5299755e-002  5.7194419e-002 -9.8481189e-001 -1.1605325e-001  2.3904159e-001 -8.2779101e-001
  0.0000000e+000  5.3582153e-002  7.9927671e-002 -9.8712528e-001 -1.2305330e-001  2.0188585e-001 -8.4058394e-001
  0.0000000e+000  5.1882855e-002  1.0286712e-001 -9.8836158e-001 -1.3032796e-001  1.6287268e-001 -8.5460657e-001
  0.0000000e+000  5.0519085e-002  1.2587635e-001 -9.8874295e-001 -1.3747908e-001  1.2225231e-001 -8.6950141e-001
  0.0000000e+000  4.9768224e-002  1.4916091e-001 -9.8832716e-001 -1.4411618e-001  8.0484857e-002 -8.8491653e-001
  0.0000000e+000  5.0237704e-002  1.7279784e-001 -9.8689928e-001 -1.4997600e-001  3.8008077e-002 -9.0035982e-001
  0.0000000e+000  5.1900845e-002  1.9668944e-001 -9.8446120e-001 -1.5497366e-001 -4.8877745e-003 -9.1508906e-001
  0.0000000e+000  5.4114962e-002  2.2061382e-001 -9.8091786e-001 -1.5921763e-001 -4.8145098e-002 -9.2801540e-001
  0.0000000e+000  5.6715988e-002  2.4409160e-001 -9.7575950e-001 -1.6280555e-001 -9.1526084e-002 -9.3798514e-001
  1.0000000e-001  5.9917827e-002  2.6734116e-001 -9.6923642e-001 -1.6547624e-001 -1.3387418e-001 -9.4458195e-001
  2.0000000e-001  6.3720225e-002  2.9087180e-001 -9.6203421e-001 -1.6689742e-001 -1.7327636e-001 -9.4805369e-001
  3.0000000e-001  6.8069405e-002  3.1461298e-001 -9.5419696e-001 -1.6702435e-001 -2.0758675e-001 -9.4884827e-001
  4.0000000e-001  7.2857273e-002  3.3841486e-001 -9.4561032e-001 -1.6596622e-001 -2.3477899e-001 -9.4778607e-001
  5.0000000e-001  7.7848395e-002  3.6211386e-001 -9.3632016e-001 -1.6384429e-001 -2.5289409e-001 -9.4602188e-001
  6.0000000e-001  8.3111766e-002  3.8532869e-001 -9.2622220e-001 -1.6064168e-001 -2.6048654e-001 -9.4470959e-001
  7.0000000e-001  8.8706667e-002  4.0768356e-001 -9.1522633e-001 -1.5624438e-001 -2.5752513e-001 -9.4477843e-001
  8.0000000e-001  9.4350200e-002  4.2854134e-001 -9.0327579e-001 -1.5076826e-001 -2.4560055e-001 -9.4640722e-001
  9.0000000e-001  9.9985058e-002  4.4655705e-001 -8.8999283e-001 -1.4454259e-001 -2.2721906e-001 -9.4904948e-001
  1.0000000e+000  1.0542448e-001  4.6013758e-001 -8.7519966e-001 -1.3790057e-001 -2.0490668e-001 -9.5203107e-001
  1.0000000e+000  1.1033032e-001  4.6799036e-001 -8.5939321e-001 -1.3109233e-001 -1.8069923e-001 -9.5485658e-001
  1.0000000e+000  1.1494482e-001  4.6880224e-001 -8.4335520e-001 -1.2432189e-001 -1.5596411e-001 -9.5724801e-001
  1.0000000e+000  1.1918631e-001  4.6180108e-001 -8.2802273e-001 -1.1788261e-001 -1.3155570e-001 -9.5901823e-001
  1.0000000e+000  1.2228997e-001  4.4788025e-001 -8.1413017e-001 -1.1205159e-001 -1.0786675e-001 -9.6021783e-001
  1.0000000e+000  1.2424914e-001  4.2837430e-001 -8.0183019e-001 -1.0690544e-001 -8.4846079e-002 -9.6129855e-001
  1.0000000e+000  1.2545267e-001  4.0451691e-001 -7.9197287e-001 -1.0218482e-001 -6.1902602e-002 -9.6313315e-001
  1.0000000e+000  1.2579298e-001  3.7760556e-001 -7.8602997e-001 -9.7528356e-002 -3.8477375e-002 -9.6639729e-001
  1.0000000e+000  1.2535986e-001  3.4801638e-001 -7.8439069e-001 -9.2828494e-002 -1.4789092e-002 -9.7080753e-001
  1.0000000e+000  1.2433240e-001  3.1597857e-001 -7.8681549e-001 -8.8026890e-002  8.8247592e-003 -9.7562756e-001
  1.0000000e+000  1.2287209e-001  2.8183979e-001 -7.9293384e-001 -8.3089406e-002  3.2310397e-002 -9.8022903e-001
  1.0000000e+000  1.2118843e-001  2.4577045e-001 -8.0215094e-001 -7.8126235e-002  5.5629518e-002 -9.8413404e-001
  1.0000000e+000  1.1932940e-001  2.0808225e-001 -8.1393486e-001 -7.3259935e-002  7.8784779e-002 -9.8706518e-001
  1.0000000e+000  1.1730726e-001  1.6870226e-001 -8.2770619e-001 -6.8598762e-002  1.0178649e-001 -9.8884465e-001
  1.0000000e+000  1.1532583e-001  1.2732969e-001 -8.4279905e-001 -6.4213213e-002  1.2464628e-001 -9.8939872e-001
  1.0000000e+000  1.1355678e-001  8.4042467e-002 -8.5866862e-001 -6.0114226e-002  1.4752394e-001 -9.8884973e-001
  1.0000000e+000  1.1171456e-001  3.9029497e-002 -8.7488795e-001 -5.6376767e-002  1.7054029e-001 -9.8730871e-001
  1.0000000e+000  1.0953830e-001 -7.5219055e-003 -8.9094892e-001 -5.3130491e-002  1.9372681e-001 -9.8480398e-001
  1.0000000e+000  1.0690483e-001 -5.5041374e-002 -9.0635730e-001 -5.0390924e-002  2.1729018e-001 -9.8155261e-001
  1.0000000e+000  1.0358632e-001 -1.0299573e-001 -9.2024464e-001 -4.8183764e-002  2.4101913e-001 -9.7750424e-001
  1.0000000e+000  9.9440638e-002 -1.5081128e-001 -9.3143115e-001 -4.6566480e-002  2.6436444e-001 -9.7220169e-001
  9.0000000e-001  9.4457860e-002 -1.9694700e-001 -9.3916115e-001 -4.5510439e-002  2.8744510e-001 -9.6554306e-001
  8.0000000e-001  8.8747092e-002 -2.3901872e-001 -9.4304425e-001 -4.5310345e-002  3.1070730e-001 -9.5765472e-001
  7.0000000e-001  8.2613589e-002 -2.7422994e-001 -9.4356854e-001 -4.5822713e-002  3.3416638e-001 -9.4878943e-001
  6.0000000e-001  7.6504787e-002 -2.9994435e-001 -9.4214984e-001 -4.6230340e-002  3.5754334e-001 -9.3929945e-001
  5.0000000e-001  7.0940701e-002 -3.1433994e-001 -9.4013184e-001 -4.6802615e-002  3.8071807e-001 -9.2903879e-001
