  1.0000000e+000  9.9698079e-002 -2.5300770e-001 -9.1386956e-001 -2.0603356e-002  3.4722781e-001 -9.0922140e-001
  1.0000000e+000  1.0044378e-001 -2.6872135e-001 -9.1102699e-001 -2.3253587e-002  3.7254804e-001 -9.0048225e-001
  1.0000000e+000  1.0012716e-001 -2.7588764e-001 -9.0911579e-001 -2.6481285e-002  3.9732822e-001 -8.9112320e-001
  1.0000000e+000  9.8802280e-002 -2.7498363e-001 -9.0859383e-001 -3.0246765e-002  4.2106964e-001 -8.8131023e-001
  1.0000000e+000  9.6626109e-002 -2.6682160e-001 -9.0957767e-001 -3.4519502e-002  4.4317202e-001 -8.7126393e-001
  1.0000000e+000  9.3825811e-002 -2.5251749e-001 -9.1185757e-001 -3.9241689e-002  4.6291359e-001 -8.6123608e-001
  1.0000000e+000  9.0641427e-002 -2.3332800e-001 -9.1506494e-001 -4.4293820e-002  4.7949648e-001 -8.5146309e-001
  1.0000000e+000  8.7294552e-002 -2.1052227e-001 -9.1881147e-001 -4.9490709e-002  4.9213481e-001 -8.4212651e-001
  8.0000000e-001  8.3956508e-002 -1.8526538e-001 -9.2278873e-001 -5.4603477e-002  5.0017324e-001 -8.3331677e-001
  6.0000000e-001  8.0735068e-002 -1.5855086e-001 -9.2678829e-001 -5.9400473e-002  5.0319093e-001 -8.2502895e-001
  4.0000000e-001  7.7680862e-002 -1.3116325e-001 -9.3067874e-001 -6.3681911e-002  5.0105281e-001 -8.1721392e-001
  2.0000000e-001  7.4809400e-002 -1.0366648e-001 -9.3437666e-001 -6.7289861e-002  4.9388868e-001 -8.0987848e-001
  0.0000000e+000  7.2120823e-002 -7.6424033e-002 -9.3782878e-001 -7.0105273e-002  4.8201378e-001 -8.0318200e-001
  0.0000000e+000  6.9606919e-002 -4.9643572e-002 -9.4100061e-001 -7.2056591e-002  4.6582509e-001 -7.9748015e-001
  0.0000000e+000  6.7249762e-002 -2.3421543e-002 -9.4386336e-001 -7.3136299e-002  4.4571363e-001 -7.9329877e-001
  0.0000000e+000  6.5020811e-002  2.2298931e-003 -9.4637969e-001 -7.3404010e-002  4.2202318e-001 -7.9124198e-001
  0.0000000e+000  6.2887157e-002  2.7367696e-002 -9.4849264e-001 -7.2966660e-002  3.9504988e-001 -7.9185804e-001
  0.0000000e+000  6.0823921e-002  5.2098121e-002 -9.5012207e-001 -7.1950927e-002  3.6504916e-001 -7.9550722e-001
  0.0000000e+000  5.8825413e-002  7.6548567e-002 -9.5117197e-001 -7.0491510e-002  3.3222549e-001 -8.0228152e-001
  0.0000000e+000  5.6910775e-002  1.0084379e-001 -9.5154945e-001 -6.8736799e-002  2.9672024e-001 -8.1199424e-001
  0.0000000e+000  5.5125192e-002  1.2509345e-001 -9.5118481e-001 -6.6842883e-002  2.5862682e-001 -8.2421072e-001
  0.0000000e+000  5.3530430e-002  1.4938646e-001 -9.5003632e-001 -6.4951020e-002  2.1802651e-001 -8.3828851e-001
  0.0000000e+000  5.2181428e-002  1.7378974e-001 -9.4808196e-001 -6.3179016e-002  1.7502143e-001 -8.5342915e-001
  0.0000000e+000  5.1105910e-002  1.9834745e-001 -9.4531336e-001 -6.1628164e-002  1.2978264e-001 -8.6874248e-001
  0.0000000e+000  5.0301919e-002  2.2307860e-001 -9.4173325e-001 -6.0383118e-002  8.2631109e-002 -8.8331124e-001
  0.0000000e+000  4.9748565e-002  2.4797683e-001 -9.3734802e-001 -5.9497575e-002  3.4119138e-002 -8.9625645e-001
  0.0000000e+000  4.9419373e-002  2.7301570e-001 -9.3215641e-001 -5.8981562e-002 -1.4933425e-002 -9.0681886e-001
  0.0000000e+000  4.9296844e-002  2.9815385e-001 -9.2614626e-001 -5.8805445e-002 -6.3447504e-002 -9.1445717e-001
  0.0000000e+000  4.9382097e-002  3.2333180e-001 -9.1930120e-001 -5.8919322e-002 -1.1011491e-001 -9.1893502e-001
  0.0000000e+000  4.9688094e-002  3.4845916e-001 -9.1161431e-001 -5.9265511e-002 -1.5345865e-001 -9.2037211e-001
  0.0000000e+000  5.0229702e-002  3.7339412e-001 -9.0310544e-001 -5.9754860e-002 -1.9192345e-001 -9.1925598e-001
  0.0000000e+000  5.1021109e-002  3.9791526e-001 -8.9383226e-001 -6.0222019e-002 -2.2399348e-001 -9.1639833e-001
  0.0000000e+000  5.2080547e-002  4.2168890e-001 -8.8389024e-001 -6.0412420e-002 -2.4834031e-001 -9.1279944e-001
  0.0000000e+000  5.3445548e-002  4.4424297e-001 -8.7340403e-001 -6.0030343e-002 -2.6398603e-001 -9.0942239e-001
  0.0000000e+000  5.5188152e-002  4.6495804e-001 -8.6251695e-001 -5.8829347e-002 -2.7045930e-001 -9.0696025e-001
  0.0000000e+000  5.7399941e-002  4.8308197e-001 -8.5138340e-001 -5.6700879e-002 -2.6793198e-001 -9.0571126e-001
  2.0000000e-001  6.0132331e-002  4.9777774e-001 -8.4016422e-001 -5.3723002e-002 -2.5730562e-001 -9.0561124e-001
  4.0000000e-001  6.3331634e-002  5.0821841e-001 -8.2902431e-001 -5.0144919e-002 -2.4013580e-001 -9.0638432e-001
  6.0000000e-001  6.6821898e-002  5.1371038e-001 -8.1814199e-001 -4.6313866e-002 -2.1830464e-001 -9.0773832e-001
  8.0000000e-001  7.0341574e-002  5.1379958e-001 -8.0773559e-001 -4.2586755e-002 -1.9359243e-001 -9.0950675e-001
  1.0000000e+000  7.3601427e-002  5.0833224e-001 -7.9809763e-001 -3.9259798e-002 -1.6739175e-001 -9.1167282e-001
  1.0000000e+000  7.6333171e-002  4.9745308e-001 -7.8961739e-001 -3.6523021e-002 -1.4064819e-001 -9.1430146e-001
  1.0000000e+000  7.8327886e-002  4.8153536e-001 -7.8277651e-001 -3.4441079e-002 -1.1394609e-001 -9.1745379e-001
  1.0000000e+000  7.9478254e-002  4.6106855e-001 -7.7811178e-001 -3.2968679e-002 -8.7618247e-002 -9.2113496e-001
  1.0000000e+000  7.9817734e-002  4.3655604e-001 -7.7614733e-001 -3.1995374e-002 -6.1821925e-002 -9.2527911e-001
  1.0000000e+000  7.9521075e-002  4.0845607e-001 -7.7730241e-001 -3.1381927e-002 -3.6596190e-002 -9.2975484e-001
  1.0000000e+000  7.8851018e-002  3.7714692e-001 -7.8179219e-001 -3.0965343e-002 -1.1930439e-002 -9.3437458e-001
  1.0000000e+000  7.8088427e-002  3.4290086e-001 -7.8956284e-001 -3.0570765e-002  1.2191189e-002 -9.3890291e-001
  1.0000000e+000  7.7477484e-002  3.0589302e-001 -8.0029507e-001 -3.0046422e-002  3.5807704e-002 -9.4307203e-001
  1.0000000e+000  7.7190809e-002  2.6624901e-001 -8.1346412e-001 -2.9291862e-002  5.9021977e-002 -9.4661060e-001
  1.0000000e+000  7.7319672e-002  2.2409714e-001 -8.2841091e-001 -2.8261143e-002  8.2005545e-002 -9.4928051e-001
  1.0000000e+000  7.7893152e-002  1.7960024e-001 -8.4438800e-001 -2.6949476e-002  1.0495491e-001 -9.5090760e-001
  1.0000000e+000  7.8913020e-002  1.3297799e-001 -8.6057960e-001 -2.5382678e-002  1.2803269e-001 -9.5139439e-001
  1.0000000e+000  8.0376460e-002  8.4548761e-002 -8.7612220e-001 -2.3621390e-002  1.5133121e-001 -9.5071266e-001
  1.0000000e+000  8.2272001e-002  3.4805002e-002 -8.9015346e-001 -2.1775134e-002  1.7487388e-001 -9.4888128e-001
  1.0000000e+000  8.4563593e-002 -1.5498319e-002 -9.0189532e-001 -2.0003185e-002  1.9864901e-001 -9.4594384e-001
  1.0000000e+000  8.7180627e-002 -6.5285265e-002 -9.1075609e-001 -1.8495476e-002  2.2265381e-001 -9.4196156e-001
  1.0000000e+000  9.0011842e-002 -1.1316518e-001 -9.1643436e-001 -1.7447668e-002  2.4692035e-001 -9.3701451e-001
  1.0000000e+000  9.2904604e-002 -1.5749039e-001 -9.1898201e-001 -1.7044174e-002  2.7151345e-001 -9.3119773e-001
  1.0000000e+000  9.5655325e-002 -1.9655803e-001 -9.1885698e-001 -1.7414701e-002  2.9647076e-001 -9.2459519e-001
