  1.0031035e-001 -1.6782671e-001 -5.8053587e-001  2.0511217e-002  2.3032541e-001 -5.7745262e-001
  1.0080499e-001 -1.7824999e-001 -5.7865031e-001  1.8753248e-002  2.4712099e-001 -5.7165571e-001
  1.0059497e-001 -1.8300358e-001 -5.7738257e-001  1.6612231e-002  2.6355834e-001 -5.6544760e-001
  9.9716140e-002 -1.8240393e-001 -5.7703634e-001  1.4114488e-002  2.7930665e-001 -5.5893840e-001
  9.8272628e-002 -1.7698984e-001 -5.7768894e-001  1.1280268e-002  2.9396775e-001 -5.5227442e-001
  9.6415116e-002 -1.6750154e-001 -5.7920126e-001  8.1479165e-003  3.0706285e-001 -5.4562268e-001
  9.4302830e-002 -1.5477265e-001 -5.8132879e-001  4.7967042e-003  3.1806272e-001 -5.3914000e-001
  9.2082759e-002 -1.3964500e-001 -5.8381397e-001  1.3494700e-003  3.2644606e-001 -5.3294680e-001
  8.9868546e-002 -1.2289144e-001 -5.8645219e-001 -2.0419646e-003  3.3177817e-001 -5.2710307e-001
  8.7731679e-002 -1.0517099e-001 -5.8910520e-001 -5.2239391e-003  3.3377988e-001 -5.2160554e-001
  8.5705743e-002 -8.7004060e-002 -5.9168584e-001 -8.0639304e-003  3.3236161e-001 -5.1642162e-001
  8.3801026e-002 -6.8764724e-002 -5.9413877e-001 -1.0457179e-002  3.2760945e-001 -5.1155583e-001
  8.2017622e-002 -5.0694086e-002 -5.9642865e-001 -1.2324717e-002  3.1973251e-001 -5.0711387e-001
  8.0350083e-002 -3.2929897e-002 -5.9853261e-001 -1.3619078e-002  3.0899413e-001 -5.0333169e-001
  7.8786518e-002 -1.5536130e-002 -6.0043155e-001 -1.4335277e-002  2.9565366e-001 -5.0055807e-001
  7.7307996e-002  1.4791472e-003 -6.0210070e-001 -1.4512856e-002  2.7993916e-001 -4.9919374e-001
  7.5892687e-002  1.8153718e-002 -6.0350227e-001 -1.4222751e-002  2.6204706e-001 -4.9960239e-001
  7.4524088e-002  3.4558064e-002 -6.0458312e-001 -1.3548988e-002  2.4214678e-001 -5.0202299e-001
  7.3198424e-002  5.0776693e-002 -6.0527954e-001 -1.2580918e-002  2.2037397e-001 -5.0651656e-001
  7.1928394e-002  6.6892358e-002 -6.0552994e-001 -1.1416972e-002  1.9682240e-001 -5.1295927e-001
  7.0743970e-002  8.2977801e-002 -6.0528806e-001 -1.0160687e-002  1.7155402e-001 -5.2106278e-001
  6.9686122e-002  9.9091998e-002 -6.0452624e-001 -8.9057641e-003  1.4462276e-001 -5.3040095e-001
  6.8791293e-002  1.1527934e-001 -6.0322986e-001 -7.7303469e-003  1.1609635e-001 -5.4044414e-001
  6.8077873e-002  1.3156912e-001 -6.0139337e-001 -6.7016256e-003  8.6088265e-002 -5.5060188e-001
  6.7544565e-002  1.4797395e-001 -5.9901859e-001 -5.8757536e-003  5.4811405e-002 -5.6026572e-001
  6.7177510e-002  1.6448960e-001 -5.9610975e-001 -5.2883495e-003  2.2632128e-002 -5.6885262e-001
  6.6959149e-002  1.8109855e-001 -5.9266602e-001 -4.9460644e-003 -9.9057366e-003 -5.7585895e-001
  6.6877872e-002  1.9777335e-001 -5.8867933e-001 -4.8292413e-003 -4.2086411e-002 -5.8092564e-001
  6.6934423e-002  2.1447455e-001 -5.8413882e-001 -4.9047789e-003 -7.3042138e-002 -5.8389592e-001
  6.7137398e-002  2.3114220e-001 -5.7903990e-001 -5.1344153e-003 -1.0179319e-001 -5.8484918e-001
  6.7496661e-002  2.4768222e-001 -5.7339574e-001 -5.4590134e-003 -1.2730791e-001 -5.8410882e-001
  6.8021623e-002  2.6394774e-001 -5.6724459e-001 -5.7688924e-003 -1.4858081e-001 -5.8221327e-001
  6.8724376e-002  2.7971742e-001 -5.6064979e-001 -5.8951904e-003 -1.6473071e-001 -5.7982603e-001
  6.9629817e-002  2.9467814e-001 -5.5369401e-001 -5.6417486e-003 -1.7510893e-001 -5.7758594e-001
  7.0785733e-002  3.0841899e-001 -5.4647232e-001 -4.8450961e-003 -1.7940282e-001 -5.7595274e-001
  7.2252871e-002  3.2044107e-001 -5.3908714e-001 -3.4332269e-003 -1.7772638e-001 -5.7512425e-001
  7.4065338e-002  3.3018917e-001 -5.3164516e-001 -1.4579222e-003 -1.7067764e-001 -5.7505790e-001
  7.6187520e-002  3.3711474e-001 -5.2425576e-001  9.1551512e-004 -1.5928844e-001 -5.7557071e-001
  7.8502705e-002  3.4075771e-001 -5.1703723e-001  3.4567541e-003 -1.4480725e-001 -5.7646885e-001
  8.0837399e-002  3.4081688e-001 -5.1013439e-001  5.9290456e-003 -1.2841499e-001 -5.7764190e-001
  8.2999746e-002  3.3719025e-001 -5.0374128e-001  8.1359044e-003 -1.1103538e-001 -5.7907871e-001
  8.4811784e-002  3.2997381e-001 -4.9811611e-001  9.9512811e-003 -9.3295672e-002 -5.8082236e-001
  8.6134931e-002  3.1941517e-001 -4.9357837e-001  1.1332288e-002 -7.5583461e-002 -5.8291338e-001
  8.6898001e-002  3.0583899e-001 -4.9048413e-001  1.2308970e-002 -5.8119505e-002 -5.8535520e-001
  8.7123187e-002  2.8957919e-001 -4.8918106e-001  1.2954589e-002 -4.1008121e-002 -5.8810412e-001
  8.6926405e-002  2.7093974e-001 -4.8994726e-001  1.3361505e-002 -2.4275223e-002 -5.9107299e-001
  8.6481939e-002  2.5017155e-001 -4.9292545e-001  1.3637836e-002 -7.9137764e-003 -5.9413739e-001
  8.5976092e-002  2.2745523e-001 -4.9807993e-001  1.3899570e-002  8.0867388e-003 -5.9714115e-001
  8.5570837e-002  2.0290695e-001 -5.0519890e-001  1.4247381e-002  2.3752199e-002 -5.9990664e-001
  8.5380678e-002  1.7661002e-001 -5.1393428e-001  1.4747900e-002  3.9150842e-002 -6.0225387e-001
  8.5466156e-002  1.4864957e-001 -5.2384888e-001  1.5431604e-002  5.4396451e-002 -6.0402489e-001
  8.5846561e-002  1.1913360e-001 -5.3444691e-001  1.6301667e-002  6.9619373e-002 -6.0510418e-001
  8.6523066e-002  8.8207825e-002 -5.4518722e-001  1.7340966e-002  8.4927476e-002 -6.0542708e-001
  8.7493805e-002  5.6083434e-002 -5.5549704e-001  1.8509275e-002  1.0038200e-001 -6.0497487e-001
  8.8751167e-002  2.3087080e-002 -5.6480435e-001  1.9733945e-002  1.1599848e-001 -6.0376007e-001
  9.0271241e-002 -1.0280446e-002 -5.7259304e-001  2.0909326e-002  1.3176915e-001 -6.0181159e-001
  9.2007189e-002 -4.3305446e-002 -5.7847062e-001  2.1909429e-002  1.4769217e-001 -5.9917003e-001
  9.3885209e-002 -7.5065463e-002 -5.8223717e-001  2.2604468e-002  1.6378881e-001 -5.9588853e-001
  9.5804055e-002 -1.0446755e-001 -5.8392709e-001  2.2872117e-002  1.8010207e-001 -5.9203010e-001
  9.7628681e-002 -1.3038215e-001 -5.8384415e-001  2.2626336e-002  1.9665691e-001 -5.8765046e-001
