  0.0000000e+000  0.0000000e+000  0.0000000e+000
  0.0000000e+000  0.0000000e+000  0.0000000e+000
  4.9345186e+001 -5.0096409e-001 -2.6692696e+000
  1.1543422e+002 -1.9261857e+002 -2.5024402e+001
  1.7135889e+002 -8.9370339e+001 -1.4013665e+002
  4.7089171e+001 -1.0438317e+002 -5.2868220e+002
  1.5816527e+002 -1.1647158e+002 -5.1767147e+002
  1.0262722e+002 -1.1042737e+002 -5.2317683e+002
  4.4785318e+001 -1.1503061e+002 -5.6021295e+002
  1.6016041e+002 -1.1387108e+002 -5.5854466e+002
  1.0247286e+002 -1.1445085e+002 -5.5937880e+002
  4.5172497e+001 -9.7004844e+001 -9.7645217e+002
  1.3814638e+002 -7.3735610e+001 -9.9547072e+002
  9.1659439e+001 -8.5370227e+001 -9.8596144e+002
  0.0000000e+000  0.0000000e+000  0.0000000e+000
 -4.9345186e+001  5.0096409e-001  2.6692696e+000
 -1.1543422e+002 -1.8089073e+002 -3.0529771e+001
 -1.7135889e+002 -8.9370339e+001 -1.4013665e+002
 -2.5667983e+001 -1.0798358e+002 -5.2784806e+002
 -1.3683171e+002 -1.0313780e+002 -5.1767147e+002
 -8.1249847e+001 -1.0556069e+002 -5.2275976e+002
 -2.4111887e+001 -1.2007266e+002 -5.5470758e+002
 -1.3850740e+002 -1.0696802e+002 -5.5187148e+002
 -8.1309646e+001 -1.1352034e+002 -5.5328953e+002
 -4.0448323e+001  2.2796884e+001 -1.0069819e+003
 -1.1134111e+002 -3.6335433e+001 -9.9580438e+002
 -7.5894718e+001 -6.7692744e+000 -1.0013932e+003
