         0         0         0
         0         0         0
   51.5474   -0.9835    1.9185
  124.5162 -154.0229  -40.6229
  173.3524  -88.5019 -104.8522
   34.7900  -12.1244 -466.7051
  141.6191  -68.2532 -460.1988
   88.2046  -40.1888 -463.4519
   37.4761  -15.7249 -507.0778
  143.8242  -53.9153 -513.7510
   90.6502  -34.8201 -510.4144
   55.2571  -16.2040 -860.7560
  143.4191   -6.3297 -877.4390
   99.3381  -11.2668 -869.0975
         0         0         0
  -51.5474    0.9835   -1.9185
 -124.5162 -149.3287  -30.4464
 -173.3524  -88.5019 -104.8522
  -25.8930   -9.8319 -477.5490
 -129.8006  -71.3707 -470.7090
  -77.8468  -40.6013 -474.1290
  -32.7563   -4.3000 -515.7529
 -131.2710  -52.7483 -516.4202
  -82.0137  -28.5241 -516.0866
  -39.3327  -19.8349 -868.2633
 -123.4585  -14.1058 -870.2653
  -81.3956  -16.9703 -869.2643
